[ruchindra.jpg]
filters=finetune2=1,0.000000,0.143158,0.120702,00000000,0.000000;glow2=1,0.650000,3.000000;
moddate=079392aad6bacf01
width=413
height=438
textactive=0
